0 0.6356843171821918
1 0.5790397770488012
2 0.9392289267662972
3 0.3089761030321665
4 0.38224328643294436
5 0.4972395263586571
6 0.7070290038323741
7 0.18930632992498841
8 0.21234245967288468
9 0.20397566502755882
10 0.9037603899647293
11 0.764159037771468
12 0.8213069239932225
13 0.9398256899141684
14 0.10266843008208215
15 0.4129809721199247
16 0.9830270161679633
17 0.7688758850826023
18 0.44574809012929184
19 0.1200350427160286
20 0.48692905705999023
21 0.9451488649342883
22 0.26275034836860156
23 0.8238309195975386
24 0.3090062986639084
25 0.9738863649767271
26 0.2138700811972094
27 0.4607669114209052
28 0.6405538807169346
29 0.3849023058980834
30 0.8316548895078659
31 0.8941498229830385
32 0.9768344401710247
33 0.9423549192374805
34 0.021944154204303734
35 0.23786269677073468
36 0.031523578425548315
37 0.20651012831898807
38 0.8982005590406199
39 0.8936053079189641
40 0.41973827709824585
41 0.4989108454231068
42 0.5164160351415152
43 0.9417733994937603
44 0.15736641188441025
45 0.8722069120015286
46 0.710273979994678
47 0.3978260653695689
48 0.3541348085273457
49 0.821169195731364
50 0.42860212126211894
51 0.6380244716690524
52 0.8229405890590424
53 0.7219751725679289
54 0.1845239794170599
55 0.44915365685632325
56 0.35216784218964103
57 0.9787766508915965
58 0.8203898369625939
59 0.6592598197158532
60 0.3664833073199467
61 0.26161838444355734
62 0.5502381319077123
63 0.8580053847559299
64 0.055383340046881724
65 0.7028604308300159
66 0.9232666094502566
67 0.9180435589613747
68 0.33325946284266816
69 0.07754291436434335
70 0.5828919670885415
71 0.3913053189405409
72 0.09220193400699839
73 0.8927733122635853
74 0.8087249527143141
75 0.807164140227383
76 0.03782257870965133
77 0.9852123961588077
78 0.8100110929477171
79 0.7069003655239603
80 0.48413921571734275
81 0.710523522475031
82 0.2548550250194139
83 0.5184701591662686
84 0.48318351964333206
85 0.4771723633522653
86 0.9176210821686173
87 0.7752807681792531
88 0.41101642707724984
89 0.7485657089200131
90 0.6355576078284675
91 0.607830930414651
92 0.8209544077132493
93 0.07909653873711808
94 0.6008996589441242
95 0.45399679813260163
96 0.7528996524210494
97 0.8253816590451224
98 0.37131553118997784
99 0.6389200287254164
100 0.6349951688499478
101 0.7946473211480045
102 0.5985028340886944
103 0.17322667389931268
104 0.3553502076367756
105 0.8536166430902468
106 0.9768670349767894
107 0.24246829902340683
108 0.6763909022014585
109 0.17333843258463988
110 0.6665686966839544
111 0.5525835200201545
112 0.9494372360494985
113 0.508001041646351
114 0.10414481711822288
115 0.824394556029941
116 0.3335038876387395
117 0.585004406354743
118 0.8665225406603163
119 0.477376317896806
120 0.27120228722709516
121 0.03697759858956906
122 0.6437176978924033
123 0.1631081101361378
124 0.6347525739515294
125 0.6208097491861815
126 0.36932683024814716
127 0.32130138229871075
128 0.48902014907858926
129 0.4161233294175617
130 0.11765618105934394
131 0.9461364919621111
132 0.5191841196917515
133 0.2940175655340258
134 0.8711190129526638
135 0.664330044155476
136 0.3937756618648829
137 0.7070184694055226
138 0.39715395864375647
139 0.9523598418676076
140 0.16196488513069918
141 0.1762772849648313
142 0.478389723454707
143 0.7156218866327979
144 0.6805962826439786
145 0.7540276719130365
146 0.5931882409105456
147 0.8045245498246896
148 0.9098810963709092
149 0.5249121279925606
150 0.2608710227875717
151 0.4097316073918478
152 0.1828547248015009
153 0.9705245134517779
154 0.4011946809537692
155 0.16317649992047278
156 0.9723229072739024
157 0.813665429468899
158 0.17875965213858813
159 0.5163961208674193
160 0.2082566898952114
161 0.6013618616928993
162 0.1607044424007822
163 0.22271972390322703
164 0.12167591768167174
165 0.5618741436046835
166 0.7698489562983759
167 0.4410163134932352
168 0.1533511593126884
169 0.35155947347718475
170 0.8199864605916509
171 0.40692834793617894
172 0.4983391541431248
173 0.24898880459329975
174 0.8597740899268029
175 0.09499920989463706
176 0.6609630719394051
177 0.10968361552634232
178 0.6401135157921514
179 0.29439783839913525
180 0.7717127688771606
181 0.527622068569003
182 0.8088382117949633
183 0.37353399994576675
184 0.922424919164869
185 0.44944468321586695
186 0.8281569539214146
187 0.810747832340619
188 0.31062488511472663
189 0.13817828270553423
190 0.13480301336368994
191 0.34400878943753344
192 0.3572102836452329
193 0.5666846668254617
194 0.44533683532324564
195 0.4416008970986245
196 0.3688608595136196
197 0.2694338183155509
198 0.812625146909113
199 0.18038617176029614
200 0.7254025229538088
201 0.8150852607483017
202 0.001572222175567406
203 0.8513549228231667
204 0.0661717108080424
205 0.8570286137582435
206 0.8841556326334372
207 0.5040607933403329
208 0.6644276022602844
209 0.82240250700759
210 0.41262540621046306
211 0.6297054356991094
212 0.25945841922918156
213 0.18943826749143522
214 0.6013420904171463
215 0.6720357347722044
216 0.18832292292468744
217 0.3710978074379654
218 0.2633075784947465
219 0.8029543488481801
220 0.28575124474336167
221 0.8943584844156354
222 0.2884552702920662
223 0.25603963386656936
224 0.9001663397170439
225 0.6973176020726817
226 0.8610556521068105
227 0.3384188124982852
228 0.9319156116716092
229 0.6882033397548655
230 0.2639149583500986
231 0.7795767616966522
232 0.11186010264651691
233 0.7367669194037894
234 0.10497546603353936
235 0.44249669930151225
236 0.8739709815743575
237 0.5434327139063853
238 0.9607536080652526
239 0.026396707866719327
240 0.6864047396659103
241 0.13037466988177937
242 0.363999697129733
243 0.6445372507193783
244 0.2433632335325242
245 0.8691210180596829
246 0.030958732103509634
247 0.10563750460081867
248 0.1928925548509295
249 0.1823522826437205
250 0.482141737960307
251 0.08584678748333352
252 0.0551796172193626
253 0.3047165918928918
254 0.5633470319447513
255 0.4837291758092146
256 0.5683146152617979
257 0.5212500223873102
258 0.6041771218838035
259 0.583838227688446
260 0.3412686358956847
261 0.5037753113647228
262 0.5124807543632881
263 0.851517759583684
264 0.27701919808120445
265 0.25644804819887135
266 0.5434771155664633
267 0.612224928437388
268 0.254849459945665
269 0.7700340677120407
270 0.21929163459312218
271 0.975040169445194
272 0.2864060876078569
273 0.10225958869350338
274 0.05361886070939059
275 0.42499702859584376
276 0.31830523291689894
277 0.4375000630658159
278 0.477708582162347
279 0.00881384455084433
280 0.5103668153105891
281 0.20280551366997113
282 0.6674252686410325
283 0.4109943908668805
284 0.4848222068330985
285 0.9222533275257421
286 0.4991611389237667
287 0.14920538021659158
288 0.507025074441497
289 0.7695255067310147
290 0.26608829643422904
291 0.26294389665424545
292 0.6937143617389157
293 0.7769822023880897
294 0.5686919755802888
295 0.9380720950364689
296 0.4176737579665375
297 0.8943546890054404
298 0.6743682800582886
299 0.46317661743470917
300 0.31804809435395787
301 0.7070400594786441
302 0.7508373671361444
303 0.21797948768221587
304 0.8661786893976358
305 0.6813206496581599
306 0.7226446855745086
307 0.7104458248833285
308 0.012644755960042442
309 0.7888152873752348
310 0.6657157916102887
311 0.2480318148482692
312 0.01814492116137867
313 0.9537520320301516
314 0.5066244597850325
315 0.7308636849839312
316 0.3389455085872479
317 0.8790632894175625
318 0.4978071833430966
319 0.6426444680404726
320 0.6321600097153461
321 0.19036969691397343
322 0.243906495702501
323 0.7465582844956709
324 0.6226966011404942
325 0.6979327126392918
326 0.33168816710282845
327 0.9605806453860821
328 0.41300272478551214
329 0.9158248208570543
330 0.2910409046420672
331 0.11639586626238962
332 0.35503355108824963
333 0.08465266902362134
334 0.016952538099304748
335 0.8164830182705458
336 0.49934149247553195
337 0.9571403360056565
338 0.9572747253517389
339 0.17409556390152847
340 0.10109931033008857
341 0.38160969720365445
342 0.1850128095315673
343 0.13433953071382798
344 0.046825419576258076
345 0.10944452837538332
346 0.7901566574089427
347 0.25079910865533184
348 0.6625999592719642
349 0.7532859394109084
350 0.7163047704430328
351 0.045417038656758946
352 0.8506504053402149
353 0.025035731149001927
354 0.2424033492648583
355 0.37766188385290933
356 0.13549380365915353
357 0.7574579895785412
358 0.025117905721651956
359 0.24477404210844855
360 0.4132777988764178
361 0.14523500546038326
362 0.3114728797651318
363 0.10148526487881804
364 0.760352279886104
365 0.6875195477367326
366 0.41896039690067344
367 0.3695455415170388
368 0.484463430203683
369 0.3113940673386171
370 0.8224355158729619
371 0.605103860142465
372 0.1648785718064254
373 0.13492564689115483
374 0.184163940222017
375 0.01473556143074517
376 0.7120023882485371
377 0.6036931691294638
378 0.011328131696882515
379 0.08588719546398926
380 0.436689849522478
381 0.8539957188047924
382 0.057317932855417864
383 0.9183650167788608
384 0.13187864113772463
385 0.06991523080534945
386 0.8648135862238173
387 0.3137741682388788
388 0.672750913037266
389 0.00846775587125137
390 0.05404199373437635
391 0.6970213125753761
392 0.12902911054739707
393 0.32125201228238187
394 0.14831269228790567
395 0.193581331113432
396 0.9274707196884715
397 0.19503305768633195
398 0.7790211153442272
399 0.14924114582232462
400 0.8510907906602767
401 0.4190908936940545
402 0.2224637599695647
403 0.5957067415770714
404 0.721400067869475
405 0.45123670460536025
406 0.9876551337685961
407 0.17353782320326583
408 0.40039794525858596
409 0.7162113821147467
410 0.9533566124655624
411 0.016777953965234182
412 0.5006341158075611
413 0.02190197874813893
414 0.8696681983506056
415 0.5346254211581258
416 0.8314315797308311
417 0.7372621366294092
418 0.7845659667866427
419 0.14719500117510265
420 0.8907859467456949
421 0.3149160647941993
422 0.09941423642344605
423 0.06456176771193278
424 0.11284597858779577
425 0.42429406899680844
426 0.22130199962255181
427 0.02077962661977195
428 0.6539537639075108
429 0.7006873288065838
430 0.09672849786733839
431 0.662770035011744
432 0.0561349748606248
433 0.2841738775382481
434 0.15877673197554176
435 0.9037937540330399
436 0.01652284248737179
437 0.22765355842592494
438 0.2759495796809974
439 0.7230119092339475
440 0.6413528967418929
441 0.7986823959704255
442 0.41183312331523103
443 0.04529536528747635
444 0.7545666223099634
445 0.6604000996244441
446 0.8980343171714973
447 0.5879117549265769
448 0.3307392554664841
449 0.35566355892924717
450 0.6560789895829462
451 0.7072840471126223
452 0.8297332125177936
453 0.9671820403456168
454 0.24363565981716362
455 0.414878352791586
456 0.38694381932979716
457 0.5192804849175687
458 0.5673475255987352
459 0.9030129238002873
460 0.5528507427516749
461 0.20752943895120635
462 0.1101882034510091
463 0.7417153934542393
464 0.7509945429338716
465 0.5769812316033107
466 0.11950874901121322
467 0.6399861966243983
468 0.3997488056778631
469 0.12787674276280248
470 0.5467398716651095
471 0.3130142047032165
472 0.2077762740838347
473 0.0257775643930771
474 0.08557444834044081
475 0.12866668473051357
476 0.878376816616407
477 0.8968041579059949
478 0.8348749753442133
479 0.934063438631954
480 0.7913581732264636
481 0.21651365379857235
482 0.5215262814731654
483 0.357639864484361
484 0.8605266865254868
485 0.5612577314992817
486 0.873937709540429
487 0.08140609707324864
488 0.2213756328201968
489 0.8279608165726595
490 0.5598814090047437
491 0.07600503901192268
492 0.5810802533733099
493 0.04890541113195779
494 0.5219077363619391
495 0.33373294486497573
496 0.3781182287052527
497 0.016883361633760252
498 0.6642957266300415
499 0.4668288305365702
500 0.03365413752840851
501 0.19197324476459077
502 0.5776786499482642
503 0.17854485518168373
504 0.9534275891825323
505 0.16384051697244306
506 0.8220231561414384
507 0.5267837437077176
508 0.36521303642108416
509 0.1647489432566367
510 0.5759338636198525
511 0.8422254792840012
512 0.3812293781149201
513 0.14934351648726119
514 0.20366562899268237
515 0.9050887861252781
516 0.38592685902833956
517 0.6463876061796159
518 0.7900619307401915
519 0.043315034606769
520 0.6945667515743352
521 0.7663821236723258
522 0.4308471318772553
523 0.8783130324786479
524 0.4824329276262431
525 0.9054012979711745
526 0.5778916290996798
527 0.19601688266935624
528 0.4546345650572079
529 0.10672916678562405
530 0.9318632664195623
531 0.021606181061120333
532 0.8303263220875106
533 0.768677750727842
534 0.7150984469601116
535 0.34375666329203747
536 0.689087768999004
537 0.044803747306688235
538 0.7265538893188919
539 0.7778532394098148
540 0.39902382269670644
541 0.28106446604421276
542 0.7459715645625649
543 0.09573064147982957
544 0.3101444534058997
545 0.8446477798982384
546 0.3791038790389143
547 0.8980003028979524
548 0.07481425464361724
549 0.28573875204020505
550 0.7434108938027371
551 0.9283304185973851
552 0.31474792699280196
553 0.30520577453714814
554 0.3508510312136073
555 0.15027824248059884
556 0.6606479835095209
557 0.8061760402611915
558 0.7880705746923264
559 0.844803132554973
560 0.8262193578006614
561 0.5659202424531575
562 0.7438333579413969
563 0.6195408251753804
564 0.09060776362812462
565 0.5460415922475494
566 0.8817664181884888
567 0.5823092132799856
568 0.6340625281598955
569 0.9311933176301179
570 0.5899547762055632
571 0.854744738037684
572 0.5003757261183872
573 0.9621382512985119
574 0.22052256124298641
575 0.5812673529812442
576 0.7307808111649905
577 0.6391073638124318
578 0.6804792620306843
579 0.35537025716218573
580 0.5478996222066799
581 0.1358592012894344
582 0.947168231959927
583 0.7186785382206997
584 0.44707956958746964
585 0.730232512737627
586 0.9593397204588543
587 0.18921847469735376
588 0.8861947797848457
589 0.9191126084835939
590 0.16854298529181277
591 0.8426488434427362
592 0.34079493895139
593 0.6132148327550191
594 0.41711382587926926
595 0.01923606887777929
596 0.11902890293041524
597 0.8265869651244933
598 0.8159570864834149
599 0.5825764235992765
600 0.5297222510685513
601 0.470667304733442
602 0.14144340518273357
603 0.0966839043625003
604 0.6555091080476942
605 0.4896786012793086
606 0.20129272269576015
607 0.23677572034400884
608 0.113762738055315
609 0.5788023057911809
610 0.6274916339358036
611 0.1216648273062857
612 0.2362373305019656
613 0.28340487757221333
614 0.4968557264632947
615 0.10296209820906599
616 0.7705894134515963
617 0.9938263930879088
618 0.8993903194313941
619 0.507463650352918
620 0.6654782711501681
621 0.8449638398125277
622 0.8154612655076368
623 0.15895196628978758
624 0.01359671923728345
625 0.025932809673260726
626 0.6819908051557828
627 0.28318209042764586
628 0.11378504134025325
629 0.42086934970803025
630 0.8490855030648805
631 0.11967307551656892
632 0.013418914361363221
633 0.1093978452740203
634 0.13258177135617877
635 0.9300452451710057
636 0.773311170827909
637 0.307255571521188
638 0.9608566387903978
639 0.6641882416615257
640 0.8226612682366383
641 0.9729420095531287
642 0.3058751445511072
643 0.6034106578757203
644 0.4818076012271777
645 0.8096266868601274
646 0.8163433373316502
647 0.7416988351056202
648 0.16574105844689502
649 0.4360274582023125
650 0.4180219464216468
651 0.5366042806172102
652 0.3260770660256671
653 0.1001264344645092
654 0.7326937889486616
655 0.10160493875504328
656 0.09928481361347719
657 0.825694152129461
658 0.603019870763924
659 0.8007535132947952
660 0.7208876104496038
661 0.6508003509531122
662 0.33434316667343467
663 0.05465296108135198
664 0.232949927336759
665 0.544603936588316
666 0.36996542217341233
667 0.12537156581109254
668 0.6741679950143864
669 0.7124170154580178
670 0.5771886381455091
671 0.010672397798576538
672 0.47125505424095215
673 0.641659467678992
674 0.0652544537567683
675 0.5295806694537251
676 0.24504098624035775
677 0.06196538482779168
678 0.31061035629040057
679 0.6092913814257692
680 0.9249552837212052
681 0.39628128261490003
682 0.44371812477867834
683 0.4980679302139721
684 0.16037941349345575
685 0.8131617993149469
686 0.021196275436409895
687 0.5468564186325835
688 0.7886026817383167
689 0.6498059685032198
690 0.7135896488228717
691 0.5878911378825504
692 0.6797740667097438
693 0.9015992278413119
694 0.16805653433148016
695 0.4294759558915062
696 0.6817541118862649
697 0.1783306921874761
698 0.8225406132893647
699 0.7693503270028759
700 0.2581937226422455
701 0.9635363435215125
702 0.03531266240744246
703 0.702313327203874
704 0.9144279134964897
705 0.25923696751426295
706 0.6101513755594221
707 0.31927199202190026
708 0.9516463606380741
709 0.024709638997657102
710 0.30102910539029426
711 0.08594602988380862
712 0.013500327514601063
713 0.564466746478214
714 0.8126899400117427
715 0.023399169472197556
716 0.5906939812820469
717 0.9428368727939445
718 0.817197975662217
719 0.7510380977637763
720 0.010406074105433039
721 0.28676089735596855
722 0.10048616315271075
723 0.6210506908908779
724 0.2137036356763693
725 0.7060821231071925
726 0.09561627381497528
727 0.3886535051669595
728 0.15782052843363314
729 0.7834184329272655
730 0.3439822137878734
731 0.5740954424773288
732 0.4594247575494823
733 0.18596260238540596
734 0.9594999206980481
735 0.12489911624934424
736 0.4443572078899951
737 0.6474234968119357
738 0.8130766096025428
739 0.46628074428517974
740 0.8689851087824496
741 0.8504598922540625
742 0.274161554668227
743 0.4078717321138421
744 0.9057182089206259
745 0.24756811351538888
746 0.3994225813061154
747 0.3818793628191557
748 0.8849625063935886
749 0.9580315804693063
750 0.9285935406700732
751 0.9088418607785871
752 0.4184142711768015
753 0.8240038622216646
754 0.9146913602588933
755 0.8818334223023885
756 0.06793913816528363
757 0.6494005181107532
758 0.5374964473076573
759 0.7227816413851766
760 0.6313858724161929
761 0.8498418017767413
762 0.025124910015501323
763 0.18504698627365856
764 0.7651064550539504
765 0.14097824501922362
766 0.7355694236298091
767 0.904859744006667
768 0.5381021529970875
769 0.9906405014697306
770 0.04583732743663793
771 0.4833756151342252
772 0.8699352591414933
773 0.3235568982724628
774 0.6198510088582654
775 0.524626489866147
776 0.07815470600921626
777 0.832516223024613
778 0.9036865245609285
779 0.29432586046708353
780 0.38093283528693833
781 0.3081701366059997
782 0.800094096999759
783 0.07325888439005634
784 0.4330300773371223
785 0.22596323993066703
786 0.7788902442554486
787 0.1962606857328011
788 0.5487566203963103
789 0.7522322977680291
790 0.09898783747943951
791 0.8651016399020961
792 0.7230139461100722
793 0.6572381062597388
794 0.48973345284089054
795 0.8036050286725718
796 0.027192926528996963
797 0.9983085504978948
798 0.7017169352046579
799 0.09163233147752003
800 0.29715725608407073
801 0.5309250212698442
802 0.5986292518496616
803 0.15340269219194536
804 0.07748019053568322
805 0.4826286276667613
806 0.8875632386013144
807 0.3985061961277041
808 0.9237330778782744
809 0.1600762203409105
810 0.005539074986792292
811 0.6616243651819935
812 0.25509232860479125
813 0.08532379121206679
814 0.8004419131567477
815 0.6051955341681663
816 0.7757257347161479
817 0.7922281880105166
818 0.5651277574916707
819 0.9538397904576656
820 0.5338985460801489
821 0.9219549933004036
822 0.6963374364704529
823 0.18974738024761062
824 0.6417177965827501
825 0.21552091349900815
826 0.27124348026777967
827 0.8931361019931874
828 0.9804213717434465
829 0.8728463817130836
830 0.8741408896365959
831 0.33463009943711697
832 0.9293226416425269
833 0.4184980632971689
834 0.1876071550528411
835 0.5861296403317708
836 0.5103764389844256
837 0.09185708960610683
838 0.5399275047512946
839 0.90112019482895
840 0.468038771117373
841 0.5029287522106229
842 0.9041173554409594
843 0.4570797050487805
844 0.919594041845823
845 0.5698207842123069
846 0.1007037846603327
847 0.6334956617416532
848 0.1273262766734835
849 0.818814085474588
850 0.6762462952185826
851 0.8918390895828481
852 0.9616603252394844
853 0.7770150071951833
854 0.011926026026349401
855 0.3035417486477825
856 0.46116915248012624
857 0.4140754175062302
858 0.5344374340379283
859 0.6959310913834691
860 0.9922449538375948
861 0.7392282107004498
862 0.20820307185379505
863 0.4932632260546961
864 0.11590985363083939
865 0.7920942083930396
866 0.816939818441724
867 0.9794158511830784
868 0.18776656075189702
869 0.5673829730198714
870 0.007732005344292858
871 0.04300121810781721
872 0.9463371960410849
873 0.7128631200988649
874 0.8469317728389112
875 0.6038870764101223
876 0.2488013635575128
877 0.13586840705304426
878 0.8047365133204238
879 0.8750563425182731
880 0.7270426620388599
881 0.37759624309955675
882 0.6206907578350702
883 0.9470768915268355
884 0.3242261211313353
885 0.16021026522844184
886 0.5195078697548203
887 0.15415435547750023
888 0.800648132510662
889 0.08817050290398787
890 0.8819242841300976
891 0.5112436982656114
892 0.1127056954054324
893 0.15819864159708574
894 0.7908900596289603
895 0.9079012738970262
896 0.43037463888003114
897 0.8779239294815937
898 0.706865407607089
899 0.17522292301531772
900 0.32560404437225987
901 0.08335005078254754
902 0.09311796598379063
903 0.8844548368648104
904 0.22191702157380555
905 0.8784495977310596
906 0.03667651138123995
907 0.08368128062873237
908 0.2850551975350546
909 0.1746555786964188
910 0.018117959251480853
911 0.2114953102460182
912 0.3681496903374799
913 0.04945431438472081
914 0.8447312019114579
915 0.31226525881531675
916 0.4588044418471242
917 0.5513392407941307
918 0.2593256430515385
919 0.40032104818146763
920 0.21916154284921685
921 0.46516360825444236
922 0.8348462676538979
923 0.7983923098738694
924 0.09271473158781163
925 0.5565766374924987
926 0.6145198277131034
927 0.8278062180246417
928 0.8317626670451057
929 0.33102535698103686
930 0.622638144782655
931 0.3156675762376031
932 0.5384353207377099
933 0.9263719778979023
934 0.42493265013664616
935 0.5388312692895825
936 0.32617569388658985
937 0.9836327355355463
938 0.31874013811779944
939 0.018113610227362686
940 0.43209047864673544
941 0.0661087322412317
942 0.2709879330067504
943 0.04850695127227733
944 0.8428199437125594
945 0.49786516808882597
946 0.9674031008088815
947 0.6192683890883921
948 0.11803696627679838
949 0.07218907394044605
950 0.9993606812471467
951 0.36121530050646444
952 0.42145996240386063
953 0.6424739706816351
954 0.140122788235564
955 0.1618177851897582
956 0.8323233183427259
957 0.890900967169973
958 0.5118602086866988
959 0.8087553075369385
960 0.8948788478247165
961 0.9992103361665685
962 0.786147767642305
963 0.5367599892714985
964 0.6418707329268407
965 0.6367959679370576
966 0.4492856016312188
967 0.4159845137801079
968 0.721668341173384
969 0.443436396013809
970 0.19557102490200196
971 0.198242336651842
972 0.7156737692440425
973 0.487051293289001
974 0.7191803186640089
975 0.390787817115531
976 0.44365873172178216
977 0.5795553528976265
978 0.7256826252179769
979 0.8137809800152538
980 0.05937064693622962
981 0.4137350173541192
982 0.9698307853793013
983 0.5005214674983425
984 0.6044974137382528
985 0.5592563498447833
986 0.9543047501324813
987 0.9608253357907868
988 0.4796405775801069
989 0.17738854919987768
990 0.19067953154074657
991 0.543023874929131
992 0.024424919421387914
993 0.8853119091189656
994 0.10988777609155109
995 0.7389566877284817
996 0.5129657270674086
997 0.14105407691092742
998 0.6958112200708051
999 0.8545280189282589
1000 0.7456463511474136
1001 0.10498207693685968
1002 0.15249905989919088
1003 0.3396084016099876
1004 0.6098948201145895
1005 0.1590350915523886
1006 0.3789749667784501
1007 0.5226355331962991
1008 0.44297418169566427
1009 0.8413497254803184
1010 0.2220831736291078
1011 0.6627729662224351
1012 0.33251684707651963
1013 0.3310998903380358
1014 0.664713394952194
1015 0.4791896293201774
1016 0.7124138094955936
1017 0.8092030819111127
1018 0.10149011072944392
1019 0.968191236370527
1020 0.28819287985327824
1021 0.6619912098185048
1022 0.4890843681865302
1023 0.33082085724757193
1024 0.4900534217298407
1025 0.9078979808340484
1026 0.3198279340483299
1027 0.34135340724973684
1028 0.6325222748198467
1029 0.2542973001153468
1030 0.6713054646562682
1031 0.09478853326599945
1032 0.9356064283451655
1033 0.8299246713627773
1034 0.797219849300608
1035 0.1904561055645857
1036 0.8899619881054086
1037 0.8133283784289593
1038 0.6421176222587122
1039 0.9764813375751027
1040 0.9493834635715903
1041 0.6434433085154077
1042 0.2566364809422097
1043 0.3909576129762855
1044 0.7430437522144824
1045 0.302759422374254
1046 0.5138996768970032
1047 0.35432166362493733
1048 0.24950055661505277
1049 0.9761235074691539
1050 0.9612306854715909
1051 0.7633640613916342
1052 0.13663888975522687
1053 0.9623673387068077
1054 0.7706364172810884
1055 0.3289668745974179
1056 0.15232387897044886
1057 0.7921581537976983
1058 0.20915157513433957
1059 0.8400023169946753
1060 0.25154602888406896
1061 0.07227237529382524
1062 0.45822697422758063
1063 0.12403150971435539
1064 0.7743099157462048
1065 0.8489450507028622
1066 0.357537591575084
1067 0.10796471986577139
1068 0.8318182834451633
1069 0.20453418265119594
1070 0.9498307968563353
1071 0.6284579367571879
1072 0.19107347307118805
1073 0.4335274224028376
1074 0.32024172884140367
1075 0.05624136745626562
1076 0.564179270208476
1077 0.21831911214478983
1078 0.08063281398456956
1079 0.7490609083335682
1080 0.8989565712211769
1081 0.4055558333056368
1082 0.46431095862020344
1083 0.631633289783337
1084 0.554203511336754
1085 0.7892137185405164
1086 0.08472766052591552
1087 0.2258881319243804
1088 0.8489032373702992
1089 0.6825703113356671
1090 0.25862425592374105
1091 0.4723572489865593
1092 0.07218514757768757
1093 0.4449219425688238
1094 0.833053767718233
1095 0.1134853145290784
1096 0.45269956997572725
1097 0.9148066521345397
1098 0.10116841495263196
1099 0.09726910852596182
1100 0.5304160508732787
1101 0.5914837231563781
1102 0.1044657650899945
1103 0.0009434505370697899
1104 0.6481044846987452
1105 0.6925761334067861
1106 0.5818364339504745
1107 0.0826060700329796
1108 0.33699997337859533
1109 0.16778432609481042
1110 0.18590368865853435
1111 0.03732540693630537
1112 0.07602506933956032
1113 0.678100696255602
1114 0.4238263099189403
1115 0.4186399435574373
1116 0.3369158691328924
1117 0.3991190934039215
1118 0.04579366834008236
1119 0.04097084372493298
1120 0.6241145632285887
1121 0.335304423141755
1122 0.6386821602816648
1123 0.8718391023500265
1124 0.49463540521564187
1125 0.47624921499373185
1126 0.3095704263680663
1127 0.12234386722181023
1128 0.106776056392337
1129 0.8790597554422184
1130 0.4856879399194898
1131 0.19847642878363425
1132 0.29040201368747476
1133 0.12537921657140894
1134 0.8529340745664518
1135 0.016757877741542693
1136 0.2982813652922667
1137 0.3738579001184441
1138 0.2422036303626971
1139 0.007589074914571281
1140 0.6084093935608217
1141 0.1659715416681773
1142 0.3669305159245535
1143 0.2688025014928217
1144 0.20182650241583722
1145 0.9907783137841484
1146 0.9204202480858326
1147 0.2642653385912379
1148 0.27298673645932636
1149 0.40037476992932675
1150 0.40175754999343427
1151 0.26492927366458985
1152 0.7134156187307834
1153 0.46330323911677107
1154 0.19742610108238812
1155 0.9355228143832013
1156 0.625051183109643
1157 0.5895866238188412
1158 0.39519918811281496
1159 0.32397628604681605
1160 0.26398814581021135
1161 0.5364654565679339
1162 0.3578365543822217
1163 0.45847402881295807
1164 0.10080815122158038
1165 0.8020081263903527
1166 0.7462320549563322
1167 0.7220237852073237
1168 0.09564203690875206
1169 0.417245866123352
1170 0.004961286665481346
1171 0.5030401508238702
1172 0.6945733480982483
1173 0.330359690411723
1174 0.8009962199078728
1175 0.5687688397385346
1176 0.24523894191916007
1177 0.21533868973184767
1178 0.5983758687111109
1179 0.9048735446690066
1180 0.2971630707749475
1181 0.8531595003332431
1182 0.08791470110868316
1183 0.9940521097505097
1184 0.6084765711658024
1185 0.8734151463860627
1186 0.16556166105327663
1187 0.24649532946031383
1188 0.36633331714937856
1189 0.3176562856776519
1190 0.3387284664935648
1191 0.14562927971750916
1192 0.9657512313186085
1193 0.2347230950341519
1194 0.1134953052273755
1195 0.01466531735008525
1196 0.4228357047071165
1197 0.7419604154097379
1198 0.4530402603837467
1199 0.34475392389145587
1200 0.6587112912968496
1201 0.6523197354937014
1202 0.7442303045311822
1203 0.33979846626691446
1204 0.4901359173111095
1205 0.01844124661629709
1206 0.7047581583625064
1207 0.7539978957660738
1208 0.29584709660302955
1209 0.13004755363029563
1210 0.20936678169918
1211 0.7212178942312166
1212 0.00028953760473671153
1213 0.45220193236931805
1214 0.49718312248723295
1215 0.8561220612288223
1216 0.26551696299407257
1217 0.5098244745582248
1218 0.9473236400963632
1219 0.47697359455328314
1220 0.6988776190154418
1221 0.19294901318986457
1222 0.9452522907189829
1223 0.8944579671750719
1224 0.5526437786213254
1225 0.9623612080674915
1226 0.004274510754819882
1227 0.8952434191485779
1228 0.050801902310623426
1229 0.2013341678509213
1230 0.8492575208933211
1231 0.7258245324099144
1232 0.9445133882571008
1233 0.9022591876356703
1234 0.09600941482204539
1235 0.8173381409706404
1236 0.7214522465661939
1237 0.42084481785520733
1238 0.49935644688549474
1239 0.48179258268262837
1240 0.3076548899594418
1241 0.3871389022236784
1242 0.8361549462239402
1243 0.09274604436038292
1244 0.607747757614598
1245 0.39069070130544614
1246 0.9235480047642288
1247 0.054199064648165374
1248 0.5513777355493419
1249 0.009954357986377449
1250 0.3760121111277621
1251 0.7522270530320452
1252 0.3608679035279716
1253 0.2760867809495753
1254 0.934895774954295
1255 0.3274465940236293
1256 0.9970804335354431
1257 0.0019464448877759555
1258 0.6074952821728716
1259 0.3167397359766777
1260 0.2544088231688475
1261 0.1401188742738544
1262 0.9967434916056475
1263 0.3802936470044451
1264 0.9842022391810281
1265 0.14810211247778415
1266 0.04196047401558811
1267 0.8701664624801171
1268 0.011255574347552644
1269 0.8427890059423133
1270 0.4048954847806001
1271 0.3666852189432257
1272 0.019113535239334567
1273 0.9612205621870664
1274 0.35822294861130555
1275 0.43799070214743185
1276 0.6093937799558575
1277 0.0242504701121109
1278 0.253984585739333
1279 0.7788701203511375
1280 0.9244417762431241
1281 0.9369979005719047
1282 0.33467806864989535
1283 0.2970716305675356
1284 0.8312217244626632
1285 0.7383161305607029
1286 0.004093238170935987
1287 0.9075001946697736
1288 0.9713035972000694
1289 0.14716930774649217
1290 0.8585731930881979
1291 0.16707884279603102
1292 0.8375566524750124
1293 0.384113039327475
1294 0.2770378705427956
1295 0.5977193313601359
1296 0.9156448033801374
1297 0.2040887962896849
1298 0.9679419741256317
1299 0.6677374516187837
1300 0.5046165770106159
1301 0.40298152599202375
1302 0.3712273752340862
1303 0.3923518797281136
1304 0.2938155850719262
1305 0.39387318041762387
1306 0.5578289821316107
1307 0.38030772437689797
1308 0.596689024958533
1309 0.6688728863894744
1310 0.2861714828504034
1311 0.7612666886461377
1312 0.1724366252309788
1313 0.8381174775733133
1314 0.4728834921788232
1315 0.8025581576875072
1316 0.4581885639253498
1317 0.6846034648427402
1318 0.5694497998187442
1319 0.4676051531639356
1320 0.7281777884090432
1321 0.3333142951332695
1322 0.04018955594125595
1323 0.22184868790078727
1324 0.8351482422405923
1325 0.647417567856887
1326 0.1589603233400998
1327 0.7685382755681478
1328 0.10926571303572752
1329 0.2712718645710861
1330 0.7725292821810075
1331 0.26167898098235765
1332 0.6056104375432703
1333 0.6233412997615897
1334 0.41260691161811636
1335 0.7550980765068513
1336 0.8432601531134083
1337 0.9989610910211397
1338 0.3509560347729581
1339 0.6054960660444757
1340 0.9257796619809184
1341 0.6007490102607336
1342 0.6649115457941959
1343 0.4215841905441806
1344 0.44908254535276715
1345 0.2786368596612958
1346 0.40582322108368296
1347 0.7423605000417399
1348 0.5227786506583716
1349 0.6012986081252938
1350 0.18024204510140485
1351 0.03182842268653352
1352 0.6387210934083352
1353 0.777138208505562
1354 0.26948785664377484
1355 0.4858073635318303
1356 0.3255077458255302
1357 0.038245669690121664
1358 0.05153573365762121
1359 0.3357248722236992
1360 0.08697798500714526
1361 0.6193532816435838
1362 0.8422883351878341
1363 0.5537366142818516
1364 0.9855295860376421
1365 0.21645962623748916
1366 0.4653693477531431
1367 0.7980717610762762
1368 0.8984810247912345
1369 0.09836390694692798
1370 0.44805616767548284
1371 0.22655032612339698
1372 0.16186569799991468
1373 0.08402370060731634
1374 0.0905616670162217
1375 0.3008053159801436
1376 0.18625352075939028
1377 0.0862393713280254
1378 0.4861935118288747
1379 0.37007999391124735
1380 0.08239355295496309
1381 0.5490775374149741
1382 0.6016200658655284
1383 0.7147611265256986
1384 0.6093119482307023
1385 0.5082010344090993
1386 0.0417571478766261
1387 0.9237563142139471
1388 0.7265613916070817
1389 0.09749815488293967
1390 0.2210564364090506
1391 0.9994904538092173
1392 0.44112489997395654
1393 0.7832430646724615
1394 0.2276158722227002
1395 0.7663355002004673
1396 0.7566235735814257
1397 0.7556649183295081
1398 0.4344170033693513
1399 0.7143086586264775
1400 0.16214602685356927
1401 0.3626162817600955
1402 0.8920041142716877
1403 0.5565746519075652
1404 0.5591520421576595
1405 0.9778496939847732
1406 0.3819767331456425
1407 0.34713924428681886
1408 0.15617310559231923
1409 0.19136772351017894
1410 0.1897910010849153
1411 0.10634690849584438
1412 0.028716869099420395
1413 0.005156621627594227
1414 0.25480062861867814
1415 0.389681574464231
1416 0.942546103485453
1417 0.22038071987139785
1418 0.5657749809553496
1419 0.026136460264917005
1420 0.37612243409030044
1421 0.47849448784767823
1422 0.4156271762242276
1423 0.515745658935316
1424 0.6647982937850276
1425 0.14075996153760006
1426 0.5134494500343418
1427 0.7157284848524759
1428 0.7787857681080184
1429 0.8503520378311666
1430 0.8826030735751289
1431 0.8638812137943443
1432 0.9034616833809108
1433 0.857105831733072
1434 0.1180351980311003
1435 0.3669428512739723
1436 0.8381220337630793
1437 0.5492985473315883
1438 0.6318990950813579
1439 0.8194181515859491
1440 0.2020719374308697
1441 0.7109119877218766
1442 0.7551089602730241
1443 0.08990319194692353
1444 0.7391556282689855
1445 0.45749096474726314
1446 0.15785413826528383
1447 0.3709131234367793
1448 0.464844558461043
1449 0.26594675609123075
1450 0.4749281541920436
1451 0.39810053049567706
1452 0.8167940671015863
1453 0.017530255266462014
1454 0.8542268991882755
1455 0.9139740429097953
1456 0.4842505546552385
1457 0.024119518844595733
1458 0.7856891560816799
1459 0.5584448166805998
1460 0.278419201071346
1461 0.5112972487053495
1462 0.6532575246070706
1463 0.7340089200610582
1464 0.23498298378183669
1465 0.2859658337644799
1466 0.6720159300688915
1467 0.7523696155961961
1468 0.0916820888293377
1469 0.5594147821727355
1470 0.8497369035823525
1471 0.5195071941907867
1472 0.5951001763344264
1473 0.38617651884296866
1474 0.985773985774022
1475 0.9839745547436984
1476 0.9722344732026698
1477 0.26499852712644856
1478 0.35653242923319506
1479 0.893772945594651
1480 0.47096249386104017
1481 0.646716753824371
1482 0.23074648126231678
1483 0.35673841945598683
1484 0.4250722906343074
1485 0.00950859220426703
1486 0.7467796201454384
1487 0.8844368095093071
1488 0.37492055092546495
1489 0.047134926868437566
1490 0.18476723377461135
1491 0.4778926686478471
1492 0.7619918673779837
1493 0.3942787124520386
1494 0.2120998822940643
1495 0.5124302830211938
1496 0.3683426063744102
1497 0.2923121056808984
1498 0.2058877753795274
1499 0.6239136010353314
1500 0.6498882598245126
1501 0.9699715692370376
1502 0.7698936591161141
1503 0.4906829458155053
1504 0.12500489759916555
1505 0.7011962437763515
1506 0.4746141267579611
1507 0.6720374790865873
1508 0.6422876709518572
1509 0.857184106082362
1510 0.9606401843864241
1511 0.37443620213768325
1512 0.12828109184478387
1513 0.3163275806577135
1514 0.4380099734470664
1515 0.7470335604409235
1516 0.6670454414824363
1517 0.8762683861922862
1518 0.7943297376752525
1519 0.9145259062951498
1520 0.5143409342729011
1521 0.4795926941339119
1522 0.6110560362733872
1523 0.2216849052491645
1524 0.8051216054829664
1525 0.27750864208547
1526 0.7828590095895749
1527 0.8651941743554026
1528 0.7603471465943519
1529 0.09174355327546135
1530 0.8616756719042489
1531 0.14242858613973386
1532 0.6762027997426692
1533 0.4455963432599608
1534 0.17488176513078835
1535 0.4670928687521514
1536 0.800645247997257
1537 0.48750058390386064
1538 0.7902689789753234
1539 0.8159183126382343
1540 0.2649516573246198
1541 0.22336513474166653
1542 0.6148341330478422
1543 0.7157375118799298
1544 0.44931659577646066
1545 0.06997675329921438
1546 0.8798097102667786
1547 0.8770728738876714
1548 0.5925302636486374
1549 0.3482280746537607
1550 0.2066395544897588
1551 0.18312637632876694
1552 0.41024071584698896
1553 0.5058341391986654
1554 0.16511193769497368
1555 0.612873914188083
1556 0.06954810034575432
1557 0.36077863720707715
1558 0.0781817244807268
1559 0.2115274185811209
1560 0.9485300390232883
1561 0.008169270437502929
1562 0.2495697347874679
1563 0.15336187706018456
1564 0.14004171957934575
1565 0.030546446710851605
1566 0.7365708815144265
1567 0.19164851933994287
1568 0.07700711760260859
1569 0.7132469393681298
1570 0.7852013982328472
1571 0.7295081549950235
1572 0.7816653230475203
1573 0.5290142313837907
1574 0.19557634039220062
1575 0.480458459890305
1576 0.2127890579480347
1577 0.3769063052932524
1578 0.18235597774265577
1579 0.20930242779701547
1580 0.5819826170352498
1581 0.8406185048066042
1582 0.43240475570896986
1583 0.043080422033935806
1584 0.322722821143244
1585 0.4449202642727317
1586 0.8458768056301476
1587 0.4794253917476057
1588 0.5656941286328026
1589 0.07657412277697007
1590 0.4072169882383847
1591 0.08677765551532768
1592 0.870495651248282
1593 0.8654680450776915
1594 0.4674574451535254
1595 0.960228525992618
1596 0.4433892657730494
1597 0.3626684620992333
1598 0.7346822086741942
1599 0.1861260846974766
1600 0.5744681863613956
1601 0.9238833273751463
1602 0.8566226830014849
1603 0.3626860159894325
1604 0.6476557174858786
1605 0.5941314597594252
1606 0.3677451916428822
1607 0.6057698368961315
1608 0.5092825747661416
1609 0.6068576931756311
1610 0.6479843748171741
1611 0.6319483374619901
1612 0.3789602957153686
1613 0.3232392098908574
1614 0.23527559103282325
1615 0.8345107862380552
1616 0.11819326907190097
1617 0.12551213055473798
1618 0.050362918139526425
1619 0.23042687825664654
1620 0.9659041293552544
1621 0.45485317704312656
1622 0.9224100774908692
1623 0.8618897300463442
1624 0.2893215033716756
1625 0.6471796000733032
1626 0.38721086980548325
1627 0.46735133423582687
1628 0.6620543018408243
1629 0.29116582861241125
1630 0.3785540066047113
1631 0.703825553935808
1632 0.14389727268547214
1633 0.06468455197319911
1634 0.11716417875687246
1635 0.8881461827012225
1636 0.6618949037708792
1637 0.6710884641289383
1638 0.4018458280355126
1639 0.20268928636395112
1640 0.8531431707847055
1641 0.9592781902008216
1642 0.7953216565652785
1643 0.4085117095884583
1644 0.7450439335799302
1645 0.6126182404519438
1646 0.7839750377191601
1647 0.9062107931703489
1648 0.6465357285538338
1649 0.25764213390665125
1650 0.8415116234360476
1651 0.389281026406189
1652 0.47039527042075013
1653 0.9112614600323745
1654 0.0345845469116175
1655 0.12012901349824934
1656 0.9185864796691112
1657 0.31103297286381304
1658 0.33573069322319893
1659 0.9615623132022142
1660 0.8725924670943288
1661 0.05585864069931601
1662 0.1143809040770758
1663 0.9161296947424158
1664 0.6656394949028475
1665 0.08954075476379408
1666 0.31024374517907893
1667 0.9874511059697899
1668 0.5882559200192041
1669 0.0999420399365325
1670 0.3150978353097893
1671 0.22616776635265579
1672 0.4617769872781119
1673 0.6294859399833934
1674 0.1013987539886736
1675 0.16474226975266126
1676 0.8936318714205942
1677 0.8816628979279668
1678 0.046231781910526015
1679 0.052712591275004606
1680 0.8266909563730507
1681 0.4220388666233985
1682 0.4206087153878051
1683 0.2759093500714247
1684 0.37154927644632085
1685 0.9718539721026533
1686 0.6133290359708308
1687 0.3648544432859955
1688 0.31141328622427067
1689 0.9462742461341309
1690 0.8395349440784523
1691 0.5365487740495165
1692 0.030936685841539857
1693 0.15803184651152624
1694 0.8071753925753762
1695 0.12174520800490951
1696 0.5031739359392646
1697 0.3347482328152944
1698 0.29646542001587206
1699 0.5256196493057037
1700 0.4900112122552076
1701 0.736556439152017
1702 0.01858421818862266
1703 0.537603111017235
1704 0.21078963794424221
1705 0.9861664270564947
1706 0.21179797973561532
1707 0.12464998234271008
1708 0.6179928852890622
1709 0.882559874639931
1710 0.15372008847103458
1711 0.1842201137504056
1712 0.8005140636993517
1713 0.4002115295850619
1714 0.5517428561691524
1715 0.669674340976564
1716 0.7499639556677962
1717 0.6245592277595247
1718 0.1169368847283554
1719 0.4157186044771206
1720 0.7720769525461961
1721 0.02951344523206334
1722 0.6990497781815785
1723 0.29863713695311045
1724 0.7521558901905478
1725 0.9994236168336592
1726 0.13953805555199583
1727 0.8891849272873904
1728 0.942658314572669
1729 0.6404153555860495
1730 0.3313347532903952
1731 0.6623136431996144
1732 0.7572205873660238
1733 0.6268823296674311
1734 0.6834518988571141
1735 0.4952656595349476
1736 0.009751017489378233
1737 0.10159599155763477
1738 0.37845605388981873
1739 0.07426943066130565
1740 0.27015091719464457
1741 0.021074177276550587
1742 0.9863705275364643
1743 0.9507153805024449
1744 0.05962223957017576
1745 0.1210264671598491
1746 0.9174287567829527
1747 0.9900442175548869
1748 0.4162619617261878
1749 0.9826791831040136
1750 0.20584273224778737
1751 0.381565425852211
1752 0.18865022712575863
1753 0.527725157854654
1754 0.3678214313059709
1755 0.09981790655671152
1756 0.46825853564698283
1757 0.14805644004015783
1758 0.9299165826079021
1759 0.9125980699422391
1760 0.5544133407465393
1761 0.48060458334718614
1762 0.9313923049510733
1763 0.5115422738277706
1764 0.17435547514380323
1765 0.837057802886938
1766 0.7085421919360646
1767 0.3237767964743701
1768 0.7102261696872967
1769 0.9284051853918196
1770 0.8133513629716718

